
33206
28988
48375
57644
25166
45086
50562
56321
52788
43852
11520
53761
37703
65167
16401
65232
19991
52089
22808
60563
59546
22917
46682
13644
35673
18865
939
56552
12059
53279
39243
336
62564
4118
2776
5063
30298
5121
57647
33887
6217
42180
24793
40249
52881
53204
51406
38471
61226
6652
22504
21351
55074
57739
32572
45497
11473
31258
25667
36561
15359
9277
60379
12108
19745
36112
37920
60319
46507
44883
15876
45532
28814
65076
21490
37553
16211
65257
32506
39995
60480
11150
28695
61321
35993
5298
6933
28559
50640
21812
3594
64997
2993
356
51403
32524
16667
11929
64600
726
24304
18260
39560
63472
51299
40306
23289
62994
25451
10486
65075
2914
59219
22439
29187
28659
36774
46103
21197
38587
26084
40814
47671
55950
57744
44106
39387
24929
55305
25265
58256
64658
38401
11307
51146
51782
28702
19628
3922
51339
52408
25608
58387
55805
16639
27627
4855
14645
34078
31166
